prec = 0.6	 q = 1.0	 tau = 4.0	 opt_model=(4.0, 0.81313129568151055, 1738.0, 2896.0)	 p1=(array([False,  True], dtype=bool), array([2120, 2170]))	 p2=(array([False,  True], dtype=bool), array([1135, 1739]))
prec = 0.65	 q = 1.0	 tau = 4.0	 opt_model=(4.0, 0.97399222347305625, 1530.0, 2353.0)	 p1=(array([False,  True], dtype=bool), array([2120, 2170]))	 p2=(array([False,  True], dtype=bool), array([ 833, 1526]))
prec = 0.7000000000000001	 q = 1.0	 tau = 5.0	 opt_model=(5.0, 0.99975776028512853, 1249.0, 1784.0)	 p1=(array([False,  True], dtype=bool), array([2120, 2170]))	 p2=(array([False,  True], dtype=bool), array([ 543, 1247]))
prec = 0.7500000000000001	 q = 1.0	 tau = 5.0	 opt_model=(5.0, 0.99999837066695152, 939.0, 1251.0)	 p1=(array([False,  True], dtype=bool), array([2120, 2170]))	 p2=(array([False,  True], dtype=bool), array([328, 961]))

