prec = 0.8245482359590794	 q = 1.0	 tau = 5.0	 opt_model=(5.0, 0.9065170510317454, 2968.0, 3599.0)	 p1=(array([False,  True], dtype=bool), array([1505, 3485]))	 p2=(array([False,  True], dtype=bool), array([ 677, 2984]))
prec = 0.8745482359590795	 q = 1.0	 tau = 5.0	 opt_model=(5.0, 0.98912229301900656, 2608.0, 2982.0)	 p1=(array([False,  True], dtype=bool), array([1505, 3485]))	 p2=(array([False,  True], dtype=bool), array([ 422, 2663]))
prec = 0.9245482359590795	 q = 1.0	 tau = 5.0	 opt_model=(5.0, 0.9998327534289061, 2025.0, 2190.0)	 p1=(array([False,  True], dtype=bool), array([1505, 3485]))	 p2=(array([False,  True], dtype=bool), array([ 212, 2131]))
prec = 0.9745482359590796	 q = 1.0	 tau = 5.0	 opt_model=(5.0, 0.99999999999472666, 683.0, 700.0)	 p1=(array([False,  True], dtype=bool), array([1505, 3485]))	 p2=(array([False,  True], dtype=bool), array([ 25, 707]))

