prec = 0.8235327150127848	 q = 1.0	 tau = 5.0	 opt_model=(5.0, 0.90574152234189043, 2970.0, 3606.0)	 p1=(array([False,  True], dtype=bool), array([1505, 3485]))	 p2=(array([False,  True], dtype=bool), array([ 678, 2984]))
prec = 0.8735327150127848	 q = 1.0	 tau = 5.0	 opt_model=(5.0, 0.98878117073870575, 2611.0, 2989.0)	 p1=(array([False,  True], dtype=bool), array([1505, 3485]))	 p2=(array([False,  True], dtype=bool), array([ 423, 2668]))
prec = 0.9235327150127849	 q = 1.0	 tau = 5.0	 opt_model=(5.0, 0.99977638093253163, 2057.0, 2227.0)	 p1=(array([False,  True], dtype=bool), array([1505, 3485]))	 p2=(array([False,  True], dtype=bool), array([ 221, 2156]))
prec = 0.9735327150127849	 q = 1.0	 tau = 4.0	 opt_model=(4.0, 0.99999999813967166, 690.0, 708.0)	 p1=(array([False,  True], dtype=bool), array([1505, 3485]))	 p2=(array([False,  True], dtype=bool), array([ 25, 723]))

