prec = 0.7	 q = 2.5	 tau = 4.0	 opt_model=(4.0, 0.48640337506141107, 50.0, 71.0)	 p1=(array([False,  True], dtype=bool), array([30, 50]))	 p2=(array([False,  True], dtype=bool), array([20, 48]))
prec = 0.75	 q = 3.0	 tau = 1.0	 opt_model=(1.0, 0.072610866553761796, 49.0, 65.0)	 p1=(array([False,  True], dtype=bool), array([30, 50]))	 p2=(array([False,  True], dtype=bool), array([15, 44]))
prec = 0.8	 q = 2.0	 tau = 4.0	 opt_model=(4.0, 0.98983813116367791, 38.0, 47.0)	 p1=(array([False,  True], dtype=bool), array([28, 52]))	 p2=(array([False,  True], dtype=bool), array([11, 41]))
prec = 0.8500000000000001	 q = 1.0	 tau = 5.0	 opt_model=(5.0, 0.99999997108835292, 22.0, 25.0)	 p1=(array([False,  True], dtype=bool), array([27, 53]))	 p2=(array([False,  True], dtype=bool), array([ 5, 28]))