prec = 0.65	 q = 1.0	 tau = 1.0	 opt_model=(1.0, 0.044435670306330659, 51.0, 78.0)	 p1=(array([False,  True], dtype=bool), array([29, 51]))	 p2=(array([False,  True], dtype=bool), array([28, 51]))
prec = 0.7000000000000001	 q = 1.5	 tau = 1.0	 opt_model=(1.0, 0.071694930866344597, 47.0, 67.0)	 p1=(array([False,  True], dtype=bool), array([29, 51]))	 p2=(array([False,  True], dtype=bool), array([15, 47]))
prec = 0.7500000000000001	 q = 1.0	 tau = 5.0	 opt_model=(5.0, 0.99535619485801108, 44.0, 58.0)	 p1=(array([False,  True], dtype=bool), array([29, 51]))	 p2=(array([False,  True], dtype=bool), array([13, 41]))
prec = 0.8000000000000002	 q = 1.0	 tau = 3.0	 opt_model=(3.0, 0.99999037909859623, 13.0, 16.0)	 p1=(array([False,  True], dtype=bool), array([29, 51]))	 p2=(array([False,  True], dtype=bool), array([ 5, 20]))
